pelvis_tilt.offset              	0.065053344	0.065234716	0.0008516248	
hip_flexion_r.offset            	-0.068342013	-0.06769666	0.00091351719	
knee_angle_r.offset             	-0.049973255	-0.050724178	0.00088248034	
ankle_angle_r.offset            	0.048301792	0.048347579	0.00089996728	
hip_flexion_l.offset            	-0.03885202	-0.03752737	0.00087184561	
knee_angle_l.offset             	0.051235294	0.051593505	0.00089112996	
ankle_angle_l.offset            	-0.042457754	-0.041334716	0.00088700285	
stance_load_threshold           	0.26142205	0.26027034	0.0009127171	
S11111.tib_ant.KL               	0.67330421	0.67460708	0.00093072215	
S11111.tib_ant.L0               	0.56512404	0.56569905	0.00088790789	
S11111.tib_ant.KF               	0.56239002	0.56225466	0.00095113185	
S11111.soleus.KL                	0.67641579	0.67751909	0.00087478649	
S11111.soleus.L0                	0.82386978	0.82384528	0.00084517059	
S11111.soleus.KF                	0.9421411	0.94302086	0.0017365216	
S11111.gastroc.KL               	0.46165849	0.46139449	0.0008604725	
S11111.gastroc.L0               	0.63321374	0.63408735	0.00097364462	
S11111.gastroc.KF               	0.68836778	0.68812918	0.00088169223	
S11111.tib_ant-soleus.KL        	-0.12165543	-0.12217951	0.00087017401	
S11111.tib_ant-soleus.KF        	-1.1516365	-1.147894	0.00187842	
S11111.tib_ant-gastroc.KL       	-0.048089721	-0.048441921	0.00088416261	
S11111.tib_ant-gastroc.KF       	-0.79771718	-0.79719891	0.00086207162	
S11111.soleus-tib_ant.KF        	-0.66019729	-0.65994235	0.00089938257	
S11111.gastroc-tib_ant.KF       	-0.83387985	-0.83390376	0.0009845729	
S00011.vasti.KL                 	1.8222739	1.8229499	0.0034652411	
S00011.vasti.L0                 	0.60887661	0.60878786	0.0006977954	
S00011.vasti.KF                 	0.81688475	0.81647917	0.00091742293	
S00011.iliopsoas.KL             	1.9163885	1.9154952	0.0035970819	
S00011.iliopsoas.L0             	0.91312602	0.91280101	0.00076962768	
S00011.rect_fem.KL              	0.15394061	0.15383665	0.00092021301	
S00011.rect_fem.L0              	0.51820339	0.51777254	0.00088463081	
S00011.hamstrings.KL            	0.80531193	0.80596237	0.0009010154	
S00011.hamstrings.L0            	0.7378739	0.73903328	0.00091764949	
S00011.bifemsh.KF               	0.19654575	0.19630883	0.00087003042	
S00011.glut_max.KL              	0.56334268	0.56213341	0.00089064123	
S00011.glut_max.L0              	1.1044484	1.1048744	0.00178859	
S00011.hamstrings-pelvis_tilt.KP	1.3309007	1.3318348	0.0018302545	
S00011.hamstrings-pelvis_tilt.KV	0.20818627	0.20569521	0.00088302033	
S00011.glut_max-pelvis_tilt.KP  	0.89859218	0.90042045	0.0017932344	
S00011.rect_fem-pelvis_tilt.KP  	-1.0171221	-1.0161602	0.0017894949	
S00011.rect_fem-pelvis_tilt.KV  	-0.058365526	-0.058632419	0.00091673093	
S11100.iliopsoas.KL             	1.0103211	1.0069366	0.0017656501	
S11100.iliopsoas.L0             	0.72066748	0.71925708	0.00090886237	
S11100.rect_fem.KL              	0.45421399	0.45289572	0.0009166419	
S11100.rect_fem.L0              	1.2920359	1.290073	0.001781013	
S11100.iliopsoas-pelvis_tilt.KP 	1.7412657	1.7426455	0.0016851551	
S11100.iliopsoas-pelvis_tilt.KV 	0.23604739	0.23633387	0.00091085241	
S11100.iliopsoas-hamstrings.KL  	-2.7862775	-2.7862635	0.0053813653	
S11100.iliopsoas-hamstrings.L0  	0.71267526	0.71395685	0.00082668648	
S11100.hamstrings.KL            	0.22071457	0.21970761	0.00090683247	
S11100.hamstrings.L0            	1.2217965	1.223191	0.0018598609	
S11100.bifemsh.KF               	0.22948925	0.2276748	0.00091847141	
S11100.glut_max.KL              	0.80232798	0.80251224	0.0018136035	
S11100.glut_max.L0              	0.88610565	0.88621182	0.00085426439	
