pelvis_tilt.offset              	-0.0017522296	-0.0025464282	0.0015523617	
hip_flexion_r.offset            	-0.0082722244	-0.010628603	0.0015630516	
knee_angle_r.offset             	0.031127074	0.029952246	0.001567102	
ankle_angle_r.offset            	0.031218726	0.030867672	0.0016019024	
hip_flexion_l.offset            	-0.0085451711	-0.0076487928	0.0016030807	
knee_angle_l.offset             	0.030047652	0.029672265	0.0015993125	
ankle_angle_l.offset            	0.053502299	0.052142249	0.0016882231	
stance_load_threshold           	0.29890606	0.29801245	0.001565387	
S11111.tib_ant.KL               	0.6332627	0.63415927	0.0016651931	
S11111.tib_ant.L0               	0.54590102	0.54527511	0.0016141365	
S11111.tib_ant.KF               	0.54791043	0.54656737	0.0016166432	
S11111.soleus.KL                	0.68361804	0.68357056	0.0015397999	
S11111.soleus.L0                	0.85171481	0.8517642	0.0013691545	
S11111.soleus.KF                	0.91040832	0.90811027	0.002993244	
S11111.gastroc.KL               	0.55439582	0.55627698	0.001520762	
S11111.gastroc.L0               	0.68898282	0.6866455	0.0015970571	
S11111.gastroc.KF               	0.68988956	0.69095573	0.0015573346	
S11111.tib_ant-soleus.KL        	-0.14082912	-0.14232161	0.0017714724	
S11111.tib_ant-soleus.KF        	-1.012355	-1.0164559	0.0032512395	
S11111.tib_ant-gastroc.KL       	-0.048816102	-0.050910872	0.0016308413	
S11111.tib_ant-gastroc.KF       	-0.64038668	-0.64182023	0.0016091932	
S11111.soleus-tib_ant.KF        	-0.64769263	-0.64668799	0.0015690086	
S11111.gastroc-tib_ant.KF       	-0.77436714	-0.77425019	0.00168685	
S00011.vasti.KL                 	2.0200339	2.0197168	0.006167876	
S00011.vasti.L0                 	0.61863215	0.6180514	0.0012649564	
S00011.vasti.KF                 	0.77215352	0.7741779	0.001616592	
S00011.iliopsoas.KL             	2.0561249	2.0409576	0.006570956	
S00011.iliopsoas.L0             	0.89260573	0.89334232	0.0012601916	
S00011.rect_fem.KL              	0.1539383	0.15092849	0.0016374325	
S00011.rect_fem.L0              	0.44645473	0.44566709	0.0016343234	
S00011.hamstrings.KL            	0.80875851	0.81199168	0.0015648531	
S00011.hamstrings.L0            	0.75342504	0.75439591	0.0014663795	
S00011.bifemsh.KF               	0.20490607	0.20396478	0.0015816701	
S00011.glut_max.KL              	0.40732086	0.40903264	0.0016476147	
S00011.glut_max.L0              	1.1225569	1.1152267	0.0031930331	
S00011.hamstrings-pelvis_tilt.KP	1.308493	1.3074015	0.0031700021	
S00011.hamstrings-pelvis_tilt.KV	0.23711043	0.23584378	0.0015875439	
S00011.glut_max-pelvis_tilt.KP  	1.15937	1.1546864	0.0031035097	
S00011.rect_fem-pelvis_tilt.KP  	-1.0773538	-1.0771132	0.0032381064	
S00011.rect_fem-pelvis_tilt.KV  	0.0096397039	0.010706456	0.0015678087	
S11100.iliopsoas.KL             	0.77668304	0.77895601	0.0034881187	
S11100.iliopsoas.L0             	0.79268374	0.79269813	0.0017149236	
S11100.rect_fem.KL              	0.51157774	0.51150688	0.0015945062	
S11100.rect_fem.L0              	1.2277339	1.2247857	0.0032172613	
S11100.iliopsoas-pelvis_tilt.KP 	1.8390878	1.8374597	0.0033327227	
S11100.iliopsoas-pelvis_tilt.KV 	0.37774667	0.37601375	0.0015928518	
S11100.iliopsoas-hamstrings.KL  	-3.0775595	-3.0818177	0.0098967692	
S11100.iliopsoas-hamstrings.L0  	0.72606137	0.72472242	0.0014088226	
S11100.hamstrings.KL            	0.19808956	0.19582143	0.0017119461	
S11100.hamstrings.L0            	1.0395217	1.0385317	0.0034122375	
S11100.bifemsh.KF               	0.22044359	0.22105989	0.0015604941	
S11100.glut_max.KL              	1.0586046	1.0592984	0.0033050117	
S11100.glut_max.L0              	0.86912752	0.86874038	0.0015225892	
